415.4020  196.4780  -17.3540  0.0000  180.0000  149.4240  
415.4019  196.4730  -17.3540  0.0000  180.0000  149.4234  
415.4017  196.4580  -17.3540  0.0000  180.0000  149.4216  
415.4013  196.4330  -17.3540  0.0000  180.0000  149.4187  
415.4007  196.3980  -17.3540  0.0000  180.0000  149.4145  
415.4000  196.3530  -17.3540  0.0000  180.0000  149.4092  
415.3992  196.2980  -17.3540  0.0000  180.0000  149.4027  
415.3982  196.2330  -17.3540  0.0000  180.0000  149.3950  
415.3970  196.1580  -17.3540  0.0000  180.0000  149.3861  
415.3957  196.0730  -17.3540  0.0000  180.0000  149.3761  
415.3942  195.9781  -17.3540  0.0000  180.0000  149.3648  
415.3925  195.8731  -17.3540  0.0000  180.0000  149.3524  
415.3907  195.7581  -17.3540  0.0000  180.0000  149.3388  
415.3888  195.6331  -17.3540  0.0000  180.0000  149.3240  
415.3866  195.4981  -17.3540  0.0000  180.0000  149.3080  
415.3844  195.3531  -17.3540  0.0000  180.0000  149.2909  
415.3819  195.1982  -17.3540  0.0000  180.0000  149.2725  
415.3794  195.0332  -17.3540  0.0000  180.0000  149.2530  
415.3766  194.8582  -17.3540  0.0000  180.0000  149.2323  
415.3737  194.6732  -17.3540  0.0000  180.0000  149.2104  
415.3707  194.4782  -17.3540  0.0000  180.0000  149.1873  
415.3675  194.2733  -17.3540  0.0000  180.0000  149.1630  
415.3641  194.0583  -17.3540  0.0000  180.0000  149.1376  
415.3606  193.8333  -17.3540  0.0000  180.0000  149.1110  
415.3569  193.5984  -17.3540  0.0000  180.0000  149.0832  
415.3530  193.3534  -17.3540  0.0000  180.0000  149.0542  
415.3490  193.0984  -17.3540  0.0000  180.0000  149.0240  
415.3449  192.8334  -17.3540  0.0000  180.0000  148.9926  
415.3406  192.5585  -17.3540  0.0000  180.0000  148.9601  
415.3361  192.2735  -17.3540  0.0000  180.0000  148.9263  
415.3315  191.9786  -17.3540  0.0000  180.0000  148.8914  
415.3267  191.6736  -17.3540  0.0000  180.0000  148.8553  
415.3218  191.3586  -17.3540  0.0000  180.0000  148.8181  
415.3167  191.0337  -17.3540  0.0000  180.0000  148.7796  
415.3114  190.6987  -17.3540  0.0000  180.0000  148.7399  
415.3060  190.3538  -17.3540  0.0000  180.0000  148.6991  
415.3005  189.9988  -17.3540  0.0000  180.0000  148.6571  
415.2947  189.6338  -17.3540  0.0000  180.0000  148.6139  
415.2889  189.2589  -17.3540  0.0000  180.0000  148.5695  
415.2828  188.8739  -17.3540  0.0000  180.0000  148.5240  
415.2767  188.4790  -17.3540  0.0000  180.0000  148.4772  
415.2703  188.0740  -17.3540  0.0000  180.0000  148.4293  
415.2638  187.6591  -17.3540  0.0000  180.0000  148.3802  
415.2571  187.2341  -17.3540  0.0000  180.0000  148.3299  
415.2503  186.7992  -17.3540  0.0000  180.0000  148.2784  
415.2434  186.3542  -17.3540  0.0000  180.0000  148.2257  
415.2362  185.8993  -17.3540  0.0000  180.0000  148.1719  
415.2289  185.4344  -17.3540  0.0000  180.0000  148.1168  
415.2215  184.9594  -17.3540  0.0000  180.0000  148.0606  
415.2139  184.4745  -17.3540  0.0000  180.0000  148.0032  
415.2061  183.9795  -17.3540  0.0000  180.0000  147.9446  
415.1982  183.4746  -17.3540  0.0000  180.0000  147.8849  
415.1902  182.9597  -17.3540  0.0000  180.0000  147.8239  
415.1819  182.4347  -17.3540  0.0000  180.0000  147.7618  
415.1736  181.8998  -17.3540  0.0000  180.0000  147.6985  
415.1650  181.3549  -17.3540  0.0000  180.0000  147.6340  
415.1563  180.7999  -17.3540  0.0000  180.0000  147.5683  
415.1475  180.2350  -17.3540  0.0000  180.0000  147.5014  
415.1385  179.6601  -17.3540  0.0000  180.0000  147.4334  
415.1293  179.0751  -17.3540  0.0000  180.0000  147.3641  
415.1200  178.4802  -17.3540  0.0000  180.0000  147.2937  
415.1105  177.8753  -17.3540  0.0000  180.0000  147.2221  
415.1008  177.2604  -17.3540  0.0000  180.0000  147.1493  
415.0911  176.6354  -17.3540  0.0000  180.0000  147.0754  
415.0811  176.0005  -17.3540  0.0000  180.0000  147.0002  
415.0710  175.3556  -17.3540  0.0000  180.0000  146.9239  
415.0607  174.7007  -17.3540  0.0000  180.0000  146.8464  
415.0503  174.0358  -17.3540  0.0000  180.0000  146.7677  
415.0397  173.3608  -17.3540  0.0000  180.0000  146.6878  
415.0290  172.6759  -17.3540  0.0000  180.0000  146.6067  
415.0181  171.9810  -17.3540  0.0000  180.0000  146.5245  
415.0071  171.2761  -17.3540  0.0000  180.0000  146.4410  
414.9959  170.5612  -17.3540  0.0000  180.0000  146.3564  
414.9845  169.8363  -17.3540  0.0000  180.0000  146.2706  
414.9730  169.1014  -17.3540  0.0000  180.0000  146.1836  
414.9613  168.3565  -17.3540  0.0000  180.0000  146.0954  
414.9495  167.6015  -17.3540  0.0000  180.0000  146.0061  
414.9375  166.8366  -17.3540  0.0000  180.0000  145.9155  
414.9254  166.0617  -17.3540  0.0000  180.0000  145.8238  
414.9131  165.2768  -17.3540  0.0000  180.0000  145.7309  
414.9006  164.4819  -17.3540  0.0000  180.0000  145.6368  
414.8880  163.6770  -17.3540  0.0000  180.0000  145.5416  
414.8752  162.8621  -17.3540  0.0000  180.0000  145.4451  
414.8623  162.0372  -17.3540  0.0000  180.0000  145.3475  
414.8492  161.2023  -17.3540  0.0000  180.0000  145.2487  
414.8360  160.3574  -17.3540  0.0000  180.0000  145.1486  
414.8226  159.5025  -17.3540  0.0000  180.0000  145.0475  
414.8090  158.6376  -17.3540  0.0000  180.0000  144.9451  
414.7953  157.7628  -17.3540  0.0000  180.0000  144.8415  
414.7814  156.8779  -17.3540  0.0000  180.0000  144.7368  
414.7674  155.9830  -17.3540  0.0000  180.0000  144.6309  
414.7532  155.0781  -17.3540  0.0000  180.0000  144.5238  
414.7389  154.1632  -17.3540  0.0000  180.0000  144.4155  
414.7244  153.2383  -17.3540  0.0000  180.0000  144.3060  
414.7098  152.3034  -17.3540  0.0000  180.0000  144.1953  
414.6950  151.3585  -17.3540  0.0000  180.0000  144.0835  
414.6800  150.4037  -17.3540  0.0000  180.0000  143.9705  
414.6649  149.4388  -17.3540  0.0000  180.0000  143.8563  
414.6496  148.4639  -17.3540  0.0000  180.0000  143.7409  
414.6342  147.4790  -17.3540  0.0000  180.0000  143.6243  
414.6186  146.4841  -17.3540  0.0000  180.0000  143.5066  
414.6028  145.4793  -17.3540  0.0000  180.0000  143.3876  
414.5869  144.4644  -17.3540  0.0000  180.0000  143.2675  
414.5709  143.4395  -17.3540  0.0000  180.0000  143.1462  
414.5546  142.4046  -17.3540  0.0000  180.0000  143.0237  
414.5383  141.3598  -17.3540  0.0000  180.0000  142.9000  
414.5217  140.3049  -17.3540  0.0000  180.0000  142.7752  
414.5051  139.2400  -17.3540  0.0000  180.0000  142.6491  
414.4882  138.1652  -17.3540  0.0000  180.0000  142.5219  
414.4712  137.0803  -17.3540  0.0000  180.0000  142.3935  
414.4541  135.9854  -17.3540  0.0000  180.0000  142.2639  
414.4367  134.8806  -17.3540  0.0000  180.0000  142.1331  
414.4193  133.7657  -17.3540  0.0000  180.0000  142.0012  
414.4016  132.6408  -17.3540  0.0000  180.0000  141.8680  
414.3839  131.5060  -17.3540  0.0000  180.0000  141.7337  
414.3659  130.3611  -17.3540  0.0000  180.0000  141.5982  
414.3478  129.2063  -17.3540  0.0000  180.0000  141.4615  
414.3296  128.0414  -17.3540  0.0000  180.0000  141.3236  
414.3112  126.8665  -17.3540  0.0000  180.0000  141.1845  
414.2926  125.6817  -17.3540  0.0000  180.0000  141.0443  
414.2739  124.4868  -17.3540  0.0000  180.0000  140.9029  
414.2550  123.2820  -17.3540  0.0000  180.0000  140.7603  
414.2359  122.0671  -17.3540  0.0000  180.0000  140.6165  
414.2167  120.8423  -17.3540  0.0000  180.0000  140.4715  
414.1974  119.6074  -17.3540  0.0000  180.0000  140.3253  
414.1779  118.3626  -17.3540  0.0000  180.0000  140.1780  
414.1582  117.1077  -17.3540  0.0000  180.0000  140.0295  
414.1384  115.8429  -17.3540  0.0000  180.0000  139.8798  
414.1184  114.5681  -17.3540  0.0000  180.0000  139.7289  
414.0983  113.2832  -17.3540  0.0000  180.0000  139.5768  
414.0780  111.9884  -17.3540  0.0000  180.0000  139.4235  
414.0576  110.6835  -17.3540  0.0000  180.0000  139.2691  
414.0370  109.3687  -17.3540  0.0000  180.0000  139.1134  
414.0162  108.0439  -17.3540  0.0000  180.0000  138.9566  
413.9953  106.7090  -17.3540  0.0000  180.0000  138.7986  
413.9742  105.3642  -17.3540  0.0000  180.0000  138.6395  
413.9530  104.0094  -17.3540  0.0000  180.0000  138.4791  
413.9316  102.6445  -17.3540  0.0000  180.0000  138.3175  
413.9100  101.2697  -17.3540  0.0000  180.0000  138.1548  
413.8883  99.8849  -17.3540  0.0000  180.0000  137.9909  
413.8665  98.4900  -17.3540  0.0000  180.0000  137.8258  
413.8445  97.0852  -17.3540  0.0000  180.0000  137.6595  
413.8223  95.6704  -17.3540  0.0000  180.0000  137.4921  
413.8000  94.2456  -17.3540  0.0000  180.0000  137.3234  
413.7775  92.8107  -17.3540  0.0000  180.0000  137.1536  
413.7548  91.3659  -17.3540  0.0000  180.0000  136.9826  
413.7320  89.9111  -17.3540  0.0000  180.0000  136.8104  
413.7091  88.4463  -17.3540  0.0000  180.0000  136.6370  
413.6860  86.9714  -17.3540  0.0000  180.0000  136.4624  
413.6627  85.4866  -17.3540  0.0000  180.0000  136.2867  
413.6393  83.9918  -17.3540  0.0000  180.0000  136.1097  
413.6157  82.4870  -17.3540  0.0000  180.0000  135.9316  
413.5920  80.9722  -17.3540  0.0000  180.0000  135.7523  
413.5681  79.4474  -17.3540  0.0000  180.0000  135.5719  
413.5440  77.9126  -17.3540  0.0000  180.0000  135.3902  
413.5198  76.3677  -17.3540  0.0000  180.0000  135.2073  
413.4954  74.8129  -17.3540  0.0000  180.0000  135.0233  
413.4709  73.2481  -17.3540  0.0000  180.0000  134.8381  
413.4462  71.6733  -17.3540  0.0000  180.0000  134.6517  
413.4214  70.0885  -17.3540  0.0000  180.0000  134.4641  
413.3964  68.4937  -17.3540  0.0000  180.0000  134.2753  
413.3713  66.8889  -17.3540  0.0000  180.0000  134.0854  
413.3460  65.2741  -17.3540  0.0000  180.0000  133.8943  
413.3205  63.6493  -17.3540  0.0000  180.0000  133.7019  
413.2949  62.0145  -17.3540  0.0000  180.0000  133.5084  
413.2691  60.3697  -17.3540  0.0000  180.0000  133.3138  
413.2432  58.7149  -17.3540  0.0000  180.0000  133.1179  
413.2171  57.0501  -17.3540  0.0000  180.0000  132.9208  
413.1908  55.3753  -17.3540  0.0000  180.0000  132.7226  
413.1644  53.6905  -17.3540  0.0000  180.0000  132.5232  
413.1379  51.9957  -17.3540  0.0000  180.0000  132.3226  
413.1112  50.2909  -17.3540  0.0000  180.0000  132.1208  
413.0843  48.5762  -17.3540  0.0000  180.0000  131.9178  
413.0573  46.8514  -17.3540  0.0000  180.0000  131.7137  
413.0301  45.1166  -17.3540  0.0000  180.0000  131.5083  
413.0027  43.3718  -17.3540  0.0000  180.0000  131.3018  
412.9752  41.6170  -17.3540  0.0000  180.0000  131.0941  
412.9476  39.8522  -17.3540  0.0000  180.0000  130.8852  
412.9198  38.0774  -17.3540  0.0000  180.0000  130.6752  
412.8918  36.2927  -17.3540  0.0000  180.0000  130.4639  
412.8637  34.4979  -17.3540  0.0000  180.0000  130.2515  
412.8354  32.6931  -17.3540  0.0000  180.0000  130.0379  
412.8070  30.8783  -17.3540  0.0000  180.0000  129.8231  
412.7784  29.0536  -17.3540  0.0000  180.0000  129.6071  
412.7496  27.2188  -17.3540  0.0000  180.0000  129.3899  
412.7207  25.3740  -17.3540  0.0000  180.0000  129.1715  
412.6916  23.5192  -17.3540  0.0000  180.0000  128.9520  
412.6624  21.6545  -17.3540  0.0000  180.0000  128.7313  
412.6330  19.7797  -17.3540  0.0000  180.0000  128.5094  
412.6035  17.8949  -17.3540  0.0000  180.0000  128.2863  
412.5738  16.0002  -17.3540  0.0000  180.0000  128.0620  
412.5441  14.1054  -17.3540  0.0000  180.0000  127.8378  
412.5146  12.2206  -17.3540  0.0000  180.0000  127.6147  
412.4852  10.3459  -17.3540  0.0000  180.0000  127.3928  
412.4560  8.4811  -17.3540  0.0000  180.0000  127.1720  
412.4269  6.6263  -17.3540  0.0000  180.0000  126.9525  
412.3980  4.7815  -17.3540  0.0000  180.0000  126.7341  
412.3693  2.9468  -17.3540  0.0000  180.0000  126.5170  
412.3407  1.1220  -17.3540  0.0000  180.0000  126.3010  
412.3122  -0.6928  -17.3540  0.0000  180.0000  126.0862  
412.2840  -2.4976  -17.3540  0.0000  180.0000  125.8726  
412.2558  -4.2924  -17.3540  0.0000  180.0000  125.6601  
412.2279  -6.0771  -17.3540  0.0000  180.0000  125.4489  
412.2000  -7.8519  -17.3540  0.0000  180.0000  125.2388  
412.1724  -9.6167  -17.3540  0.0000  180.0000  125.0299  
412.1449  -11.3715  -17.3540  0.0000  180.0000  124.8222  
412.1176  -13.1163  -17.3540  0.0000  180.0000  124.6157  
412.0904  -14.8511  -17.3540  0.0000  180.0000  124.4104  
412.0633  -16.5758  -17.3540  0.0000  180.0000  124.2062  
412.0365  -18.2906  -17.3540  0.0000  180.0000  124.0032  
412.0098  -19.9954  -17.3540  0.0000  180.0000  123.8015  
411.9832  -21.6902  -17.3540  0.0000  180.0000  123.6009  
411.9568  -23.3750  -17.3540  0.0000  180.0000  123.4014  
411.9305  -25.0498  -17.3540  0.0000  180.0000  123.2032  
411.9045  -26.7146  -17.3540  0.0000  180.0000  123.0062  
411.8785  -28.3694  -17.3540  0.0000  180.0000  122.8103  
411.8528  -30.0142  -17.3540  0.0000  180.0000  122.6156  
411.8271  -31.6490  -17.3540  0.0000  180.0000  122.4221  
411.8017  -33.2738  -17.3540  0.0000  180.0000  122.2298  
411.7764  -34.8886  -17.3540  0.0000  180.0000  122.0387  
411.7512  -36.4934  -17.3540  0.0000  180.0000  121.8487  
411.7262  -38.0882  -17.3540  0.0000  180.0000  121.6599  
411.7014  -39.6730  -17.3540  0.0000  180.0000  121.4724  
411.6767  -41.2478  -17.3540  0.0000  180.0000  121.2860  
411.6522  -42.8126  -17.3540  0.0000  180.0000  121.1007  
411.6278  -44.3674  -17.3540  0.0000  180.0000  120.9167  
411.6036  -45.9122  -17.3540  0.0000  180.0000  120.7339  
411.5796  -47.4471  -17.3540  0.0000  180.0000  120.5522  
411.5557  -48.9719  -17.3540  0.0000  180.0000  120.3717  
411.5319  -50.4867  -17.3540  0.0000  180.0000  120.1924  
411.5084  -51.9915  -17.3540  0.0000  180.0000  120.0143  
411.4849  -53.4863  -17.3540  0.0000  180.0000  119.8374  
411.4617  -54.9711  -17.3540  0.0000  180.0000  119.6616  
411.4386  -56.4459  -17.3540  0.0000  180.0000  119.4871  
411.4156  -57.9108  -17.3540  0.0000  180.0000  119.3137  
411.3928  -59.3656  -17.3540  0.0000  180.0000  119.1415  
411.3702  -60.8104  -17.3540  0.0000  180.0000  118.9705  
411.3477  -62.2452  -17.3540  0.0000  180.0000  118.8006  
411.3253  -63.6701  -17.3540  0.0000  180.0000  118.6320  
411.3032  -65.0849  -17.3540  0.0000  180.0000  118.4645  
411.2812  -66.4897  -17.3540  0.0000  180.0000  118.2982  
411.2593  -67.8845  -17.3540  0.0000  180.0000  118.1331  
411.2376  -69.2694  -17.3540  0.0000  180.0000  117.9692  
411.2161  -70.6442  -17.3540  0.0000  180.0000  117.8065  
411.1947  -72.0090  -17.3540  0.0000  180.0000  117.6450  
411.1734  -73.3639  -17.3540  0.0000  180.0000  117.4846  
411.1524  -74.7087  -17.3540  0.0000  180.0000  117.3254  
411.1314  -76.0435  -17.3540  0.0000  180.0000  117.1674  
411.1107  -77.3684  -17.3540  0.0000  180.0000  117.0106  
411.0901  -78.6832  -17.3540  0.0000  180.0000  116.8550  
411.0696  -79.9881  -17.3540  0.0000  180.0000  116.7005  
411.0493  -81.2829  -17.3540  0.0000  180.0000  116.5473  
411.0292  -82.5677  -17.3540  0.0000  180.0000  116.3952  
411.0092  -83.8426  -17.3540  0.0000  180.0000  116.2443  
410.9894  -85.1074  -17.3540  0.0000  180.0000  116.0946  
410.9697  -86.3623  -17.3540  0.0000  180.0000  115.9461  
410.9502  -87.6071  -17.3540  0.0000  180.0000  115.7987  
410.9309  -88.8420  -17.3540  0.0000  180.0000  115.6525  
410.9117  -90.0668  -17.3540  0.0000  180.0000  115.5076  
410.8927  -91.2817  -17.3540  0.0000  180.0000  115.3638  
410.8738  -92.4865  -17.3540  0.0000  180.0000  115.2212  
410.8551  -93.6814  -17.3540  0.0000  180.0000  115.0797  
410.8365  -94.8662  -17.3540  0.0000  180.0000  114.9395  
410.8181  -96.0411  -17.3540  0.0000  180.0000  114.8004  
410.7998  -97.2059  -17.3540  0.0000  180.0000  114.6626  
410.7817  -98.3608  -17.3540  0.0000  180.0000  114.5259  
410.7638  -99.5057  -17.3540  0.0000  180.0000  114.3904  
410.7460  -100.6405  -17.3540  0.0000  180.0000  114.2560  
410.7284  -101.7654  -17.3540  0.0000  180.0000  114.1229  
410.7109  -102.8802  -17.3540  0.0000  180.0000  113.9909  
410.6936  -103.9851  -17.3540  0.0000  180.0000  113.8602  
410.6764  -105.0800  -17.3540  0.0000  180.0000  113.7306  
410.6594  -106.1648  -17.3540  0.0000  180.0000  113.6022  
410.6426  -107.2397  -17.3540  0.0000  180.0000  113.4749  
410.6259  -108.3046  -17.3540  0.0000  180.0000  113.3489  
410.6094  -109.3595  -17.3540  0.0000  180.0000  113.2240  
410.5930  -110.4043  -17.3540  0.0000  180.0000  113.1004  
410.5768  -111.4392  -17.3540  0.0000  180.0000  112.9779  
410.5607  -112.4641  -17.3540  0.0000  180.0000  112.8566  
410.5448  -113.4789  -17.3540  0.0000  180.0000  112.7364  
410.5291  -114.4838  -17.3540  0.0000  180.0000  112.6175  
410.5135  -115.4787  -17.3540  0.0000  180.0000  112.4997  
410.4980  -116.4636  -17.3540  0.0000  180.0000  112.3832  
410.4828  -117.4385  -17.3540  0.0000  180.0000  112.2678  
410.4676  -118.4033  -17.3540  0.0000  180.0000  112.1536  
410.4527  -119.3582  -17.3540  0.0000  180.0000  112.0405  
410.4379  -120.3031  -17.3540  0.0000  180.0000  111.9287  
410.4232  -121.2380  -17.3540  0.0000  180.0000  111.8180  
410.4087  -122.1629  -17.3540  0.0000  180.0000  111.7086  
410.3944  -123.0778  -17.3540  0.0000  180.0000  111.6003  
410.3802  -123.9827  -17.3540  0.0000  180.0000  111.4932  
410.3662  -124.8775  -17.3540  0.0000  180.0000  111.3873  
410.3523  -125.7624  -17.3540  0.0000  180.0000  111.2825  
410.3386  -126.6373  -17.3540  0.0000  180.0000  111.1790  
410.3251  -127.5022  -17.3540  0.0000  180.0000  111.0766  
410.3117  -128.3571  -17.3540  0.0000  180.0000  110.9754  
410.2984  -129.2020  -17.3540  0.0000  180.0000  110.8754  
410.2853  -130.0369  -17.3540  0.0000  180.0000  110.7766  
410.2724  -130.8618  -17.3540  0.0000  180.0000  110.6789  
410.2596  -131.6767  -17.3540  0.0000  180.0000  110.5825  
410.2470  -132.4816  -17.3540  0.0000  180.0000  110.4872  
410.2346  -133.2765  -17.3540  0.0000  180.0000  110.3931  
410.2223  -134.0614  -17.3540  0.0000  180.0000  110.3002  
410.2101  -134.8363  -17.3540  0.0000  180.0000  110.2085  
410.1981  -135.6012  -17.3540  0.0000  180.0000  110.1180  
410.1863  -136.3561  -17.3540  0.0000  180.0000  110.0286  
410.1746  -137.1010  -17.3540  0.0000  180.0000  109.9404  
410.1631  -137.8360  -17.3540  0.0000  180.0000  109.8535  
410.1518  -138.5609  -17.3540  0.0000  180.0000  109.7676  
410.1406  -139.2758  -17.3540  0.0000  180.0000  109.6830  
410.1295  -139.9807  -17.3540  0.0000  180.0000  109.5996  
410.1186  -140.6756  -17.3540  0.0000  180.0000  109.5173  
410.1079  -141.3605  -17.3540  0.0000  180.0000  109.4363  
410.0973  -142.0354  -17.3540  0.0000  180.0000  109.3564  
410.0869  -142.7004  -17.3540  0.0000  180.0000  109.2777  
410.0766  -143.3553  -17.3540  0.0000  180.0000  109.2002  
410.0665  -144.0002  -17.3540  0.0000  180.0000  109.1238  
410.0566  -144.6351  -17.3540  0.0000  180.0000  109.0487  
410.0468  -145.2600  -17.3540  0.0000  180.0000  108.9747  
410.0372  -145.8750  -17.3540  0.0000  180.0000  108.9019  
410.0277  -146.4799  -17.3540  0.0000  180.0000  108.8303  
410.0184  -147.0748  -17.3540  0.0000  180.0000  108.7599  
410.0092  -147.6597  -17.3540  0.0000  180.0000  108.6907  
410.0002  -148.2347  -17.3540  0.0000  180.0000  108.6226  
409.9913  -148.7996  -17.3540  0.0000  180.0000  108.5558  
409.9826  -149.3545  -17.3540  0.0000  180.0000  108.4901  
409.9741  -149.8995  -17.3540  0.0000  180.0000  108.4256  
409.9657  -150.4344  -17.3540  0.0000  180.0000  108.3623  
409.9575  -150.9593  -17.3540  0.0000  180.0000  108.3001  
409.9494  -151.4743  -17.3540  0.0000  180.0000  108.2392  
409.9415  -151.9792  -17.3540  0.0000  180.0000  108.1794  
409.9337  -152.4742  -17.3540  0.0000  180.0000  108.1208  
409.9261  -152.9591  -17.3540  0.0000  180.0000  108.0634  
409.9187  -153.4340  -17.3540  0.0000  180.0000  108.0072  
409.9114  -153.8990  -17.3540  0.0000  180.0000  107.9522  
409.9043  -154.3539  -17.3540  0.0000  180.0000  107.8983  
409.8973  -154.7989  -17.3540  0.0000  180.0000  107.8457  
409.8905  -155.2338  -17.3540  0.0000  180.0000  107.7942  
409.8838  -155.6588  -17.3540  0.0000  180.0000  107.7439  
409.8773  -156.0737  -17.3540  0.0000  180.0000  107.6948  
409.8710  -156.4787  -17.3540  0.0000  180.0000  107.6468  
409.8648  -156.8736  -17.3540  0.0000  180.0000  107.6001  
409.8588  -157.2586  -17.3540  0.0000  180.0000  107.5545  
409.8529  -157.6335  -17.3540  0.0000  180.0000  107.5101  
409.8472  -157.9985  -17.3540  0.0000  180.0000  107.4669  
409.8416  -158.3534  -17.3540  0.0000  180.0000  107.4249  
409.8362  -158.6984  -17.3540  0.0000  180.0000  107.3841  
409.8310  -159.0334  -17.3540  0.0000  180.0000  107.3445  
409.8259  -159.3583  -17.3540  0.0000  180.0000  107.3060  
409.8209  -159.6733  -17.3540  0.0000  180.0000  107.2687  
409.8161  -159.9782  -17.3540  0.0000  180.0000  107.2326  
409.8115  -160.2732  -17.3540  0.0000  180.0000  107.1977  
409.8071  -160.5582  -17.3540  0.0000  180.0000  107.1640  
409.8028  -160.8331  -17.3540  0.0000  180.0000  107.1314  
409.7986  -161.0981  -17.3540  0.0000  180.0000  107.1001  
409.7946  -161.3531  -17.3540  0.0000  180.0000  107.0699  
409.7908  -161.5980  -17.3540  0.0000  180.0000  107.0409  
409.7871  -161.8330  -17.3540  0.0000  180.0000  107.0131  
409.7836  -162.0580  -17.3540  0.0000  180.0000  106.9864  
409.7802  -162.2730  -17.3540  0.0000  180.0000  106.9610  
409.7770  -162.4779  -17.3540  0.0000  180.0000  106.9367  
409.7739  -162.6729  -17.3540  0.0000  180.0000  106.9137  
409.7710  -162.8579  -17.3540  0.0000  180.0000  106.8918  
409.7683  -163.0329  -17.3540  0.0000  180.0000  106.8711  
409.7657  -163.1978  -17.3540  0.0000  180.0000  106.8515  
409.7633  -163.3528  -17.3540  0.0000  180.0000  106.8332  
409.7610  -163.4978  -17.3540  0.0000  180.0000  106.8160  
409.7589  -163.6328  -17.3540  0.0000  180.0000  106.8000  
409.7569  -163.7578  -17.3540  0.0000  180.0000  106.7853  
409.7551  -163.8728  -17.3540  0.0000  180.0000  106.7716  
409.7535  -163.9777  -17.3540  0.0000  180.0000  106.7592  
409.7520  -164.0727  -17.3540  0.0000  180.0000  106.7480  
409.7507  -164.1577  -17.3540  0.0000  180.0000  106.7379  
409.7495  -164.2327  -17.3540  0.0000  180.0000  106.7290  
409.7485  -164.2977  -17.3540  0.0000  180.0000  106.7213  
409.7476  -164.3527  -17.3540  0.0000  180.0000  106.7148  
409.7469  -164.3977  -17.3540  0.0000  180.0000  106.7095  
409.7463  -164.4327  -17.3540  0.0000  180.0000  106.7054  
409.7460  -164.4577  -17.3540  0.0000  180.0000  106.7024  
409.7457  -164.4727  -17.3540  0.0000  180.0000  106.7006  
409.7456  -164.4777  -17.3540  0.0000  180.0000  106.7000  
409.7457  -164.4727  -17.3540  0.0000  180.0000  106.7006  
